{
 "cells": [
  {
   "cell_type": "markdown",
   "metadata": {},
   "source": [
    "## Feature Selection Techniques"
   ]
  },
  {
   "cell_type": "code",
   "execution_count": 1,
   "metadata": {},
   "outputs": [],
   "source": [
    "import pandas as pd\n",
    "import numpy as np\n",
    "\n",
    "# view all rows\n",
    "pd.set_option('display.max_columns', None)"
   ]
  },
  {
   "cell_type": "markdown",
   "metadata": {},
   "source": [
    "### Removing Constant Features"
   ]
  },
  {
   "cell_type": "markdown",
   "metadata": {},
   "source": [
    "##### *Informational*"
   ]
  },
  {
   "cell_type": "markdown",
   "metadata": {},
   "source": [
    "The first feature selection technique involves indicating the constant features. Features that only have one value will not be important to our model so we will remove them from the data. This can be thought of as *informational* dimensionality reduction."
   ]
  },
  {
   "cell_type": "code",
   "execution_count": 2,
   "metadata": {},
   "outputs": [],
   "source": [
    "# bring in our data set\n",
    "data = pd.read_csv('data/data_eda.csv')"
   ]
  },
  {
   "cell_type": "code",
   "execution_count": 3,
   "metadata": {},
   "outputs": [
    {
     "data": {
      "text/html": [
       "<div>\n",
       "<style scoped>\n",
       "    .dataframe tbody tr th:only-of-type {\n",
       "        vertical-align: middle;\n",
       "    }\n",
       "\n",
       "    .dataframe tbody tr th {\n",
       "        vertical-align: top;\n",
       "    }\n",
       "\n",
       "    .dataframe thead th {\n",
       "        text-align: right;\n",
       "    }\n",
       "</style>\n",
       "<table border=\"1\" class=\"dataframe\">\n",
       "  <thead>\n",
       "    <tr style=\"text-align: right;\">\n",
       "      <th></th>\n",
       "      <th>Unnamed: 0</th>\n",
       "      <th>price</th>\n",
       "      <th>bedrooms</th>\n",
       "      <th>bathrooms</th>\n",
       "      <th>sqft_living</th>\n",
       "      <th>sqft_lot</th>\n",
       "      <th>floors</th>\n",
       "      <th>waterfront</th>\n",
       "      <th>view</th>\n",
       "      <th>condition</th>\n",
       "      <th>sqft_above</th>\n",
       "      <th>sqft_basement</th>\n",
       "      <th>yr_built</th>\n",
       "      <th>yr_renovated</th>\n",
       "      <th>city</th>\n",
       "      <th>country</th>\n",
       "      <th>state</th>\n",
       "      <th>zip</th>\n",
       "      <th>day</th>\n",
       "      <th>month</th>\n",
       "      <th>year</th>\n",
       "      <th>weekday</th>\n",
       "    </tr>\n",
       "  </thead>\n",
       "  <tbody>\n",
       "    <tr>\n",
       "      <th>0</th>\n",
       "      <td>0</td>\n",
       "      <td>376000.0</td>\n",
       "      <td>3.0</td>\n",
       "      <td>2.00</td>\n",
       "      <td>1340</td>\n",
       "      <td>1384</td>\n",
       "      <td>3.0</td>\n",
       "      <td>0</td>\n",
       "      <td>0</td>\n",
       "      <td>3</td>\n",
       "      <td>1340</td>\n",
       "      <td>0</td>\n",
       "      <td>2008</td>\n",
       "      <td>0</td>\n",
       "      <td>Seattle</td>\n",
       "      <td>USA</td>\n",
       "      <td>WA</td>\n",
       "      <td>98103</td>\n",
       "      <td>9</td>\n",
       "      <td>5</td>\n",
       "      <td>2014</td>\n",
       "      <td>Friday</td>\n",
       "    </tr>\n",
       "    <tr>\n",
       "      <th>1</th>\n",
       "      <td>1</td>\n",
       "      <td>800000.0</td>\n",
       "      <td>4.0</td>\n",
       "      <td>3.25</td>\n",
       "      <td>3540</td>\n",
       "      <td>159430</td>\n",
       "      <td>2.0</td>\n",
       "      <td>0</td>\n",
       "      <td>0</td>\n",
       "      <td>3</td>\n",
       "      <td>3540</td>\n",
       "      <td>0</td>\n",
       "      <td>2007</td>\n",
       "      <td>0</td>\n",
       "      <td>Carnation</td>\n",
       "      <td>USA</td>\n",
       "      <td>WA</td>\n",
       "      <td>98014</td>\n",
       "      <td>9</td>\n",
       "      <td>5</td>\n",
       "      <td>2014</td>\n",
       "      <td>Friday</td>\n",
       "    </tr>\n",
       "    <tr>\n",
       "      <th>2</th>\n",
       "      <td>3</td>\n",
       "      <td>324000.0</td>\n",
       "      <td>3.0</td>\n",
       "      <td>2.25</td>\n",
       "      <td>998</td>\n",
       "      <td>904</td>\n",
       "      <td>2.0</td>\n",
       "      <td>0</td>\n",
       "      <td>0</td>\n",
       "      <td>3</td>\n",
       "      <td>798</td>\n",
       "      <td>200</td>\n",
       "      <td>2007</td>\n",
       "      <td>0</td>\n",
       "      <td>Seattle</td>\n",
       "      <td>USA</td>\n",
       "      <td>WA</td>\n",
       "      <td>98117</td>\n",
       "      <td>9</td>\n",
       "      <td>5</td>\n",
       "      <td>2014</td>\n",
       "      <td>Friday</td>\n",
       "    </tr>\n",
       "    <tr>\n",
       "      <th>3</th>\n",
       "      <td>4</td>\n",
       "      <td>549900.0</td>\n",
       "      <td>5.0</td>\n",
       "      <td>2.75</td>\n",
       "      <td>3060</td>\n",
       "      <td>7015</td>\n",
       "      <td>1.0</td>\n",
       "      <td>0</td>\n",
       "      <td>0</td>\n",
       "      <td>5</td>\n",
       "      <td>1600</td>\n",
       "      <td>1460</td>\n",
       "      <td>1979</td>\n",
       "      <td>0</td>\n",
       "      <td>Seattle</td>\n",
       "      <td>USA</td>\n",
       "      <td>WA</td>\n",
       "      <td>98146</td>\n",
       "      <td>10</td>\n",
       "      <td>5</td>\n",
       "      <td>2014</td>\n",
       "      <td>Saturday</td>\n",
       "    </tr>\n",
       "    <tr>\n",
       "      <th>4</th>\n",
       "      <td>5</td>\n",
       "      <td>320000.0</td>\n",
       "      <td>3.0</td>\n",
       "      <td>2.50</td>\n",
       "      <td>2130</td>\n",
       "      <td>6969</td>\n",
       "      <td>2.0</td>\n",
       "      <td>0</td>\n",
       "      <td>0</td>\n",
       "      <td>3</td>\n",
       "      <td>2130</td>\n",
       "      <td>0</td>\n",
       "      <td>2003</td>\n",
       "      <td>0</td>\n",
       "      <td>Maple Valley</td>\n",
       "      <td>USA</td>\n",
       "      <td>WA</td>\n",
       "      <td>98038</td>\n",
       "      <td>10</td>\n",
       "      <td>5</td>\n",
       "      <td>2014</td>\n",
       "      <td>Saturday</td>\n",
       "    </tr>\n",
       "  </tbody>\n",
       "</table>\n",
       "</div>"
      ],
      "text/plain": [
       "   Unnamed: 0     price  bedrooms  bathrooms  sqft_living  sqft_lot  floors  \\\n",
       "0           0  376000.0       3.0       2.00         1340      1384     3.0   \n",
       "1           1  800000.0       4.0       3.25         3540    159430     2.0   \n",
       "2           3  324000.0       3.0       2.25          998       904     2.0   \n",
       "3           4  549900.0       5.0       2.75         3060      7015     1.0   \n",
       "4           5  320000.0       3.0       2.50         2130      6969     2.0   \n",
       "\n",
       "   waterfront  view  condition  sqft_above  sqft_basement  yr_built  \\\n",
       "0           0     0          3        1340              0      2008   \n",
       "1           0     0          3        3540              0      2007   \n",
       "2           0     0          3         798            200      2007   \n",
       "3           0     0          5        1600           1460      1979   \n",
       "4           0     0          3        2130              0      2003   \n",
       "\n",
       "   yr_renovated          city country state    zip  day  month  year   weekday  \n",
       "0             0       Seattle     USA    WA  98103    9      5  2014    Friday  \n",
       "1             0     Carnation     USA    WA  98014    9      5  2014    Friday  \n",
       "2             0       Seattle     USA    WA  98117    9      5  2014    Friday  \n",
       "3             0       Seattle     USA    WA  98146   10      5  2014  Saturday  \n",
       "4             0  Maple Valley     USA    WA  98038   10      5  2014  Saturday  "
      ]
     },
     "execution_count": 3,
     "metadata": {},
     "output_type": "execute_result"
    }
   ],
   "source": [
    "data.head()"
   ]
  },
  {
   "cell_type": "code",
   "execution_count": 16,
   "metadata": {},
   "outputs": [
    {
     "name": "stdout",
     "output_type": "stream",
     "text": [
      "country\n",
      "state\n",
      "year\n"
     ]
    }
   ],
   "source": [
    "# these columns have only 1 value so they are constant and can be dropped from the data.\n",
    "col = list(data.columns)\n",
    "\n",
    "# create an empty list that will store constant features \n",
    "constant_features = []\n",
    "\n",
    "for col in data[col]:\n",
    "    unique = len(data[col].unique())\n",
    "    if unique == 1:\n",
    "        constant_features.append(col)\n",
    "        print(col)"
   ]
  },
  {
   "cell_type": "code",
   "execution_count": 18,
   "metadata": {},
   "outputs": [],
   "source": [
    "# remove those features\n",
    "data.drop(columns = constant_features, axis = 1, inplace = True)"
   ]
  },
  {
   "cell_type": "code",
   "execution_count": 24,
   "metadata": {},
   "outputs": [],
   "source": [
    "data.drop(columns = ['Unnamed: 0'], axis = 1, inplace = True)"
   ]
  },
  {
   "cell_type": "code",
   "execution_count": 25,
   "metadata": {},
   "outputs": [
    {
     "data": {
      "text/html": [
       "<div>\n",
       "<style scoped>\n",
       "    .dataframe tbody tr th:only-of-type {\n",
       "        vertical-align: middle;\n",
       "    }\n",
       "\n",
       "    .dataframe tbody tr th {\n",
       "        vertical-align: top;\n",
       "    }\n",
       "\n",
       "    .dataframe thead th {\n",
       "        text-align: right;\n",
       "    }\n",
       "</style>\n",
       "<table border=\"1\" class=\"dataframe\">\n",
       "  <thead>\n",
       "    <tr style=\"text-align: right;\">\n",
       "      <th></th>\n",
       "      <th>price</th>\n",
       "      <th>bedrooms</th>\n",
       "      <th>bathrooms</th>\n",
       "      <th>sqft_living</th>\n",
       "      <th>sqft_lot</th>\n",
       "      <th>floors</th>\n",
       "      <th>waterfront</th>\n",
       "      <th>view</th>\n",
       "      <th>condition</th>\n",
       "      <th>sqft_above</th>\n",
       "      <th>sqft_basement</th>\n",
       "      <th>yr_built</th>\n",
       "      <th>yr_renovated</th>\n",
       "      <th>city</th>\n",
       "      <th>zip</th>\n",
       "      <th>day</th>\n",
       "      <th>month</th>\n",
       "      <th>weekday</th>\n",
       "    </tr>\n",
       "  </thead>\n",
       "  <tbody>\n",
       "    <tr>\n",
       "      <th>0</th>\n",
       "      <td>376000.0</td>\n",
       "      <td>3.0</td>\n",
       "      <td>2.00</td>\n",
       "      <td>1340</td>\n",
       "      <td>1384</td>\n",
       "      <td>3.0</td>\n",
       "      <td>0</td>\n",
       "      <td>0</td>\n",
       "      <td>3</td>\n",
       "      <td>1340</td>\n",
       "      <td>0</td>\n",
       "      <td>2008</td>\n",
       "      <td>0</td>\n",
       "      <td>Seattle</td>\n",
       "      <td>98103</td>\n",
       "      <td>9</td>\n",
       "      <td>5</td>\n",
       "      <td>Friday</td>\n",
       "    </tr>\n",
       "    <tr>\n",
       "      <th>1</th>\n",
       "      <td>800000.0</td>\n",
       "      <td>4.0</td>\n",
       "      <td>3.25</td>\n",
       "      <td>3540</td>\n",
       "      <td>159430</td>\n",
       "      <td>2.0</td>\n",
       "      <td>0</td>\n",
       "      <td>0</td>\n",
       "      <td>3</td>\n",
       "      <td>3540</td>\n",
       "      <td>0</td>\n",
       "      <td>2007</td>\n",
       "      <td>0</td>\n",
       "      <td>Carnation</td>\n",
       "      <td>98014</td>\n",
       "      <td>9</td>\n",
       "      <td>5</td>\n",
       "      <td>Friday</td>\n",
       "    </tr>\n",
       "    <tr>\n",
       "      <th>2</th>\n",
       "      <td>324000.0</td>\n",
       "      <td>3.0</td>\n",
       "      <td>2.25</td>\n",
       "      <td>998</td>\n",
       "      <td>904</td>\n",
       "      <td>2.0</td>\n",
       "      <td>0</td>\n",
       "      <td>0</td>\n",
       "      <td>3</td>\n",
       "      <td>798</td>\n",
       "      <td>200</td>\n",
       "      <td>2007</td>\n",
       "      <td>0</td>\n",
       "      <td>Seattle</td>\n",
       "      <td>98117</td>\n",
       "      <td>9</td>\n",
       "      <td>5</td>\n",
       "      <td>Friday</td>\n",
       "    </tr>\n",
       "    <tr>\n",
       "      <th>3</th>\n",
       "      <td>549900.0</td>\n",
       "      <td>5.0</td>\n",
       "      <td>2.75</td>\n",
       "      <td>3060</td>\n",
       "      <td>7015</td>\n",
       "      <td>1.0</td>\n",
       "      <td>0</td>\n",
       "      <td>0</td>\n",
       "      <td>5</td>\n",
       "      <td>1600</td>\n",
       "      <td>1460</td>\n",
       "      <td>1979</td>\n",
       "      <td>0</td>\n",
       "      <td>Seattle</td>\n",
       "      <td>98146</td>\n",
       "      <td>10</td>\n",
       "      <td>5</td>\n",
       "      <td>Saturday</td>\n",
       "    </tr>\n",
       "    <tr>\n",
       "      <th>4</th>\n",
       "      <td>320000.0</td>\n",
       "      <td>3.0</td>\n",
       "      <td>2.50</td>\n",
       "      <td>2130</td>\n",
       "      <td>6969</td>\n",
       "      <td>2.0</td>\n",
       "      <td>0</td>\n",
       "      <td>0</td>\n",
       "      <td>3</td>\n",
       "      <td>2130</td>\n",
       "      <td>0</td>\n",
       "      <td>2003</td>\n",
       "      <td>0</td>\n",
       "      <td>Maple Valley</td>\n",
       "      <td>98038</td>\n",
       "      <td>10</td>\n",
       "      <td>5</td>\n",
       "      <td>Saturday</td>\n",
       "    </tr>\n",
       "  </tbody>\n",
       "</table>\n",
       "</div>"
      ],
      "text/plain": [
       "      price  bedrooms  bathrooms  sqft_living  sqft_lot  floors  waterfront  \\\n",
       "0  376000.0       3.0       2.00         1340      1384     3.0           0   \n",
       "1  800000.0       4.0       3.25         3540    159430     2.0           0   \n",
       "2  324000.0       3.0       2.25          998       904     2.0           0   \n",
       "3  549900.0       5.0       2.75         3060      7015     1.0           0   \n",
       "4  320000.0       3.0       2.50         2130      6969     2.0           0   \n",
       "\n",
       "   view  condition  sqft_above  sqft_basement  yr_built  yr_renovated  \\\n",
       "0     0          3        1340              0      2008             0   \n",
       "1     0          3        3540              0      2007             0   \n",
       "2     0          3         798            200      2007             0   \n",
       "3     0          5        1600           1460      1979             0   \n",
       "4     0          3        2130              0      2003             0   \n",
       "\n",
       "           city    zip  day  month   weekday  \n",
       "0       Seattle  98103    9      5    Friday  \n",
       "1     Carnation  98014    9      5    Friday  \n",
       "2       Seattle  98117    9      5    Friday  \n",
       "3       Seattle  98146   10      5  Saturday  \n",
       "4  Maple Valley  98038   10      5  Saturday  "
      ]
     },
     "execution_count": 25,
     "metadata": {},
     "output_type": "execute_result"
    }
   ],
   "source": [
    "data.head()"
   ]
  },
  {
   "cell_type": "markdown",
   "metadata": {},
   "source": [
    "##### *Redundancy*"
   ]
  },
  {
   "cell_type": "markdown",
   "metadata": {},
   "source": [
    "For the next feature selection techniques, we will use a copy of the data because we will not always be dropping the same features. This section of feature selection techniques covers the *redundency* of variables."
   ]
  },
  {
   "cell_type": "markdown",
   "metadata": {},
   "source": [
    "## Pairwise Correlation"
   ]
  },
  {
   "cell_type": "markdown",
   "metadata": {},
   "source": [
    "If two variables are highly correlated with eachother we can remove a variable without too much information loss. This is because these variables introduce redundancy to the model. If two variables are highly correlated with each other the variable with a higher correlation to the target variable will be kept. The tolerance I will be using is 0.65."
   ]
  },
  {
   "cell_type": "code",
   "execution_count": 27,
   "metadata": {},
   "outputs": [
    {
     "data": {
      "text/html": [
       "<div>\n",
       "<style scoped>\n",
       "    .dataframe tbody tr th:only-of-type {\n",
       "        vertical-align: middle;\n",
       "    }\n",
       "\n",
       "    .dataframe tbody tr th {\n",
       "        vertical-align: top;\n",
       "    }\n",
       "\n",
       "    .dataframe thead th {\n",
       "        text-align: right;\n",
       "    }\n",
       "</style>\n",
       "<table border=\"1\" class=\"dataframe\">\n",
       "  <thead>\n",
       "    <tr style=\"text-align: right;\">\n",
       "      <th></th>\n",
       "      <th>price</th>\n",
       "      <th>bedrooms</th>\n",
       "      <th>bathrooms</th>\n",
       "      <th>sqft_living</th>\n",
       "      <th>sqft_lot</th>\n",
       "      <th>floors</th>\n",
       "      <th>waterfront</th>\n",
       "      <th>view</th>\n",
       "      <th>condition</th>\n",
       "      <th>sqft_above</th>\n",
       "      <th>sqft_basement</th>\n",
       "      <th>yr_built</th>\n",
       "      <th>yr_renovated</th>\n",
       "      <th>zip</th>\n",
       "      <th>day</th>\n",
       "      <th>month</th>\n",
       "    </tr>\n",
       "  </thead>\n",
       "  <tbody>\n",
       "    <tr>\n",
       "      <th>price</th>\n",
       "      <td>1.000000</td>\n",
       "      <td>0.313803</td>\n",
       "      <td>0.487606</td>\n",
       "      <td>0.633164</td>\n",
       "      <td>0.097828</td>\n",
       "      <td>0.275771</td>\n",
       "      <td>0.068505</td>\n",
       "      <td>0.224112</td>\n",
       "      <td>0.051303</td>\n",
       "      <td>0.544639</td>\n",
       "      <td>0.232691</td>\n",
       "      <td>0.064273</td>\n",
       "      <td>-0.074370</td>\n",
       "      <td>-0.063574</td>\n",
       "      <td>-0.040728</td>\n",
       "      <td>0.037869</td>\n",
       "    </tr>\n",
       "    <tr>\n",
       "      <th>bedrooms</th>\n",
       "      <td>0.313803</td>\n",
       "      <td>1.000000</td>\n",
       "      <td>0.520278</td>\n",
       "      <td>0.596630</td>\n",
       "      <td>0.062053</td>\n",
       "      <td>0.161719</td>\n",
       "      <td>-0.034603</td>\n",
       "      <td>0.060635</td>\n",
       "      <td>0.009234</td>\n",
       "      <td>0.465052</td>\n",
       "      <td>0.306269</td>\n",
       "      <td>0.162345</td>\n",
       "      <td>-0.073790</td>\n",
       "      <td>-0.153023</td>\n",
       "      <td>-0.010499</td>\n",
       "      <td>0.016215</td>\n",
       "    </tr>\n",
       "    <tr>\n",
       "      <th>bathrooms</th>\n",
       "      <td>0.487606</td>\n",
       "      <td>0.520278</td>\n",
       "      <td>1.000000</td>\n",
       "      <td>0.728175</td>\n",
       "      <td>0.087904</td>\n",
       "      <td>0.500721</td>\n",
       "      <td>0.011755</td>\n",
       "      <td>0.121398</td>\n",
       "      <td>-0.143904</td>\n",
       "      <td>0.650862</td>\n",
       "      <td>0.223356</td>\n",
       "      <td>0.521959</td>\n",
       "      <td>-0.244874</td>\n",
       "      <td>-0.215463</td>\n",
       "      <td>-0.027841</td>\n",
       "      <td>0.026166</td>\n",
       "    </tr>\n",
       "    <tr>\n",
       "      <th>sqft_living</th>\n",
       "      <td>0.633164</td>\n",
       "      <td>0.596630</td>\n",
       "      <td>0.728175</td>\n",
       "      <td>1.000000</td>\n",
       "      <td>0.200044</td>\n",
       "      <td>0.337449</td>\n",
       "      <td>0.027987</td>\n",
       "      <td>0.197852</td>\n",
       "      <td>-0.085630</td>\n",
       "      <td>0.857856</td>\n",
       "      <td>0.371716</td>\n",
       "      <td>0.334883</td>\n",
       "      <td>-0.141093</td>\n",
       "      <td>-0.218076</td>\n",
       "      <td>-0.024381</td>\n",
       "      <td>0.032693</td>\n",
       "    </tr>\n",
       "    <tr>\n",
       "      <th>sqft_lot</th>\n",
       "      <td>0.097828</td>\n",
       "      <td>0.062053</td>\n",
       "      <td>0.087904</td>\n",
       "      <td>0.200044</td>\n",
       "      <td>1.000000</td>\n",
       "      <td>-0.002191</td>\n",
       "      <td>0.026333</td>\n",
       "      <td>0.081267</td>\n",
       "      <td>0.017548</td>\n",
       "      <td>0.196630</td>\n",
       "      <td>0.029160</td>\n",
       "      <td>0.038113</td>\n",
       "      <td>-0.013672</td>\n",
       "      <td>-0.125807</td>\n",
       "      <td>0.017221</td>\n",
       "      <td>-0.020198</td>\n",
       "    </tr>\n",
       "    <tr>\n",
       "      <th>floors</th>\n",
       "      <td>0.275771</td>\n",
       "      <td>0.161719</td>\n",
       "      <td>0.500721</td>\n",
       "      <td>0.337449</td>\n",
       "      <td>-0.002191</td>\n",
       "      <td>1.000000</td>\n",
       "      <td>0.000287</td>\n",
       "      <td>-0.012413</td>\n",
       "      <td>-0.292564</td>\n",
       "      <td>0.530500</td>\n",
       "      <td>-0.309964</td>\n",
       "      <td>0.499238</td>\n",
       "      <td>-0.246453</td>\n",
       "      <td>-0.078966</td>\n",
       "      <td>-0.030881</td>\n",
       "      <td>0.029729</td>\n",
       "    </tr>\n",
       "    <tr>\n",
       "      <th>waterfront</th>\n",
       "      <td>0.068505</td>\n",
       "      <td>-0.034603</td>\n",
       "      <td>0.011755</td>\n",
       "      <td>0.027987</td>\n",
       "      <td>0.026333</td>\n",
       "      <td>0.000287</td>\n",
       "      <td>1.000000</td>\n",
       "      <td>0.299774</td>\n",
       "      <td>0.026657</td>\n",
       "      <td>0.013238</td>\n",
       "      <td>0.029862</td>\n",
       "      <td>-0.042625</td>\n",
       "      <td>0.016161</td>\n",
       "      <td>0.021715</td>\n",
       "      <td>0.019098</td>\n",
       "      <td>-0.003893</td>\n",
       "    </tr>\n",
       "    <tr>\n",
       "      <th>view</th>\n",
       "      <td>0.224112</td>\n",
       "      <td>0.060635</td>\n",
       "      <td>0.121398</td>\n",
       "      <td>0.197852</td>\n",
       "      <td>0.081267</td>\n",
       "      <td>-0.012413</td>\n",
       "      <td>0.299774</td>\n",
       "      <td>1.000000</td>\n",
       "      <td>0.047661</td>\n",
       "      <td>0.080661</td>\n",
       "      <td>0.234446</td>\n",
       "      <td>-0.068373</td>\n",
       "      <td>0.044841</td>\n",
       "      <td>0.112156</td>\n",
       "      <td>0.042816</td>\n",
       "      <td>-0.034697</td>\n",
       "    </tr>\n",
       "    <tr>\n",
       "      <th>condition</th>\n",
       "      <td>0.051303</td>\n",
       "      <td>0.009234</td>\n",
       "      <td>-0.143904</td>\n",
       "      <td>-0.085630</td>\n",
       "      <td>0.017548</td>\n",
       "      <td>-0.292564</td>\n",
       "      <td>0.026657</td>\n",
       "      <td>0.047661</td>\n",
       "      <td>1.000000</td>\n",
       "      <td>-0.204903</td>\n",
       "      <td>0.205625</td>\n",
       "      <td>-0.402012</td>\n",
       "      <td>-0.185023</td>\n",
       "      <td>0.032565</td>\n",
       "      <td>-0.026750</td>\n",
       "      <td>0.014298</td>\n",
       "    </tr>\n",
       "    <tr>\n",
       "      <th>sqft_above</th>\n",
       "      <td>0.544639</td>\n",
       "      <td>0.465052</td>\n",
       "      <td>0.650862</td>\n",
       "      <td>0.857856</td>\n",
       "      <td>0.196630</td>\n",
       "      <td>0.530500</td>\n",
       "      <td>0.013238</td>\n",
       "      <td>0.080661</td>\n",
       "      <td>-0.204903</td>\n",
       "      <td>1.000000</td>\n",
       "      <td>-0.158190</td>\n",
       "      <td>0.454603</td>\n",
       "      <td>-0.178274</td>\n",
       "      <td>-0.278393</td>\n",
       "      <td>-0.021329</td>\n",
       "      <td>0.041956</td>\n",
       "    </tr>\n",
       "    <tr>\n",
       "      <th>sqft_basement</th>\n",
       "      <td>0.232691</td>\n",
       "      <td>0.306269</td>\n",
       "      <td>0.223356</td>\n",
       "      <td>0.371716</td>\n",
       "      <td>0.029160</td>\n",
       "      <td>-0.309964</td>\n",
       "      <td>0.029862</td>\n",
       "      <td>0.234446</td>\n",
       "      <td>0.205625</td>\n",
       "      <td>-0.158190</td>\n",
       "      <td>1.000000</td>\n",
       "      <td>-0.177786</td>\n",
       "      <td>0.050951</td>\n",
       "      <td>0.083900</td>\n",
       "      <td>-0.008315</td>\n",
       "      <td>-0.012976</td>\n",
       "    </tr>\n",
       "    <tr>\n",
       "      <th>yr_built</th>\n",
       "      <td>0.064273</td>\n",
       "      <td>0.162345</td>\n",
       "      <td>0.521959</td>\n",
       "      <td>0.334883</td>\n",
       "      <td>0.038113</td>\n",
       "      <td>0.499238</td>\n",
       "      <td>-0.042625</td>\n",
       "      <td>-0.068373</td>\n",
       "      <td>-0.402012</td>\n",
       "      <td>0.454603</td>\n",
       "      <td>-0.177786</td>\n",
       "      <td>1.000000</td>\n",
       "      <td>-0.325172</td>\n",
       "      <td>-0.352019</td>\n",
       "      <td>-0.023673</td>\n",
       "      <td>0.017827</td>\n",
       "    </tr>\n",
       "    <tr>\n",
       "      <th>yr_renovated</th>\n",
       "      <td>-0.074370</td>\n",
       "      <td>-0.073790</td>\n",
       "      <td>-0.244874</td>\n",
       "      <td>-0.141093</td>\n",
       "      <td>-0.013672</td>\n",
       "      <td>-0.246453</td>\n",
       "      <td>0.016161</td>\n",
       "      <td>0.044841</td>\n",
       "      <td>-0.185023</td>\n",
       "      <td>-0.178274</td>\n",
       "      <td>0.050951</td>\n",
       "      <td>-0.325172</td>\n",
       "      <td>1.000000</td>\n",
       "      <td>0.175839</td>\n",
       "      <td>0.019057</td>\n",
       "      <td>-0.031283</td>\n",
       "    </tr>\n",
       "    <tr>\n",
       "      <th>zip</th>\n",
       "      <td>-0.063574</td>\n",
       "      <td>-0.153023</td>\n",
       "      <td>-0.215463</td>\n",
       "      <td>-0.218076</td>\n",
       "      <td>-0.125807</td>\n",
       "      <td>-0.078966</td>\n",
       "      <td>0.021715</td>\n",
       "      <td>0.112156</td>\n",
       "      <td>0.032565</td>\n",
       "      <td>-0.278393</td>\n",
       "      <td>0.083900</td>\n",
       "      <td>-0.352019</td>\n",
       "      <td>0.175839</td>\n",
       "      <td>1.000000</td>\n",
       "      <td>0.021528</td>\n",
       "      <td>-0.021096</td>\n",
       "    </tr>\n",
       "    <tr>\n",
       "      <th>day</th>\n",
       "      <td>-0.040728</td>\n",
       "      <td>-0.010499</td>\n",
       "      <td>-0.027841</td>\n",
       "      <td>-0.024381</td>\n",
       "      <td>0.017221</td>\n",
       "      <td>-0.030881</td>\n",
       "      <td>0.019098</td>\n",
       "      <td>0.042816</td>\n",
       "      <td>-0.026750</td>\n",
       "      <td>-0.021329</td>\n",
       "      <td>-0.008315</td>\n",
       "      <td>-0.023673</td>\n",
       "      <td>0.019057</td>\n",
       "      <td>0.021528</td>\n",
       "      <td>1.000000</td>\n",
       "      <td>-0.541321</td>\n",
       "    </tr>\n",
       "    <tr>\n",
       "      <th>month</th>\n",
       "      <td>0.037869</td>\n",
       "      <td>0.016215</td>\n",
       "      <td>0.026166</td>\n",
       "      <td>0.032693</td>\n",
       "      <td>-0.020198</td>\n",
       "      <td>0.029729</td>\n",
       "      <td>-0.003893</td>\n",
       "      <td>-0.034697</td>\n",
       "      <td>0.014298</td>\n",
       "      <td>0.041956</td>\n",
       "      <td>-0.012976</td>\n",
       "      <td>0.017827</td>\n",
       "      <td>-0.031283</td>\n",
       "      <td>-0.021096</td>\n",
       "      <td>-0.541321</td>\n",
       "      <td>1.000000</td>\n",
       "    </tr>\n",
       "  </tbody>\n",
       "</table>\n",
       "</div>"
      ],
      "text/plain": [
       "                  price  bedrooms  bathrooms  sqft_living  sqft_lot    floors  \\\n",
       "price          1.000000  0.313803   0.487606     0.633164  0.097828  0.275771   \n",
       "bedrooms       0.313803  1.000000   0.520278     0.596630  0.062053  0.161719   \n",
       "bathrooms      0.487606  0.520278   1.000000     0.728175  0.087904  0.500721   \n",
       "sqft_living    0.633164  0.596630   0.728175     1.000000  0.200044  0.337449   \n",
       "sqft_lot       0.097828  0.062053   0.087904     0.200044  1.000000 -0.002191   \n",
       "floors         0.275771  0.161719   0.500721     0.337449 -0.002191  1.000000   \n",
       "waterfront     0.068505 -0.034603   0.011755     0.027987  0.026333  0.000287   \n",
       "view           0.224112  0.060635   0.121398     0.197852  0.081267 -0.012413   \n",
       "condition      0.051303  0.009234  -0.143904    -0.085630  0.017548 -0.292564   \n",
       "sqft_above     0.544639  0.465052   0.650862     0.857856  0.196630  0.530500   \n",
       "sqft_basement  0.232691  0.306269   0.223356     0.371716  0.029160 -0.309964   \n",
       "yr_built       0.064273  0.162345   0.521959     0.334883  0.038113  0.499238   \n",
       "yr_renovated  -0.074370 -0.073790  -0.244874    -0.141093 -0.013672 -0.246453   \n",
       "zip           -0.063574 -0.153023  -0.215463    -0.218076 -0.125807 -0.078966   \n",
       "day           -0.040728 -0.010499  -0.027841    -0.024381  0.017221 -0.030881   \n",
       "month          0.037869  0.016215   0.026166     0.032693 -0.020198  0.029729   \n",
       "\n",
       "               waterfront      view  condition  sqft_above  sqft_basement  \\\n",
       "price            0.068505  0.224112   0.051303    0.544639       0.232691   \n",
       "bedrooms        -0.034603  0.060635   0.009234    0.465052       0.306269   \n",
       "bathrooms        0.011755  0.121398  -0.143904    0.650862       0.223356   \n",
       "sqft_living      0.027987  0.197852  -0.085630    0.857856       0.371716   \n",
       "sqft_lot         0.026333  0.081267   0.017548    0.196630       0.029160   \n",
       "floors           0.000287 -0.012413  -0.292564    0.530500      -0.309964   \n",
       "waterfront       1.000000  0.299774   0.026657    0.013238       0.029862   \n",
       "view             0.299774  1.000000   0.047661    0.080661       0.234446   \n",
       "condition        0.026657  0.047661   1.000000   -0.204903       0.205625   \n",
       "sqft_above       0.013238  0.080661  -0.204903    1.000000      -0.158190   \n",
       "sqft_basement    0.029862  0.234446   0.205625   -0.158190       1.000000   \n",
       "yr_built        -0.042625 -0.068373  -0.402012    0.454603      -0.177786   \n",
       "yr_renovated     0.016161  0.044841  -0.185023   -0.178274       0.050951   \n",
       "zip              0.021715  0.112156   0.032565   -0.278393       0.083900   \n",
       "day              0.019098  0.042816  -0.026750   -0.021329      -0.008315   \n",
       "month           -0.003893 -0.034697   0.014298    0.041956      -0.012976   \n",
       "\n",
       "               yr_built  yr_renovated       zip       day     month  \n",
       "price          0.064273     -0.074370 -0.063574 -0.040728  0.037869  \n",
       "bedrooms       0.162345     -0.073790 -0.153023 -0.010499  0.016215  \n",
       "bathrooms      0.521959     -0.244874 -0.215463 -0.027841  0.026166  \n",
       "sqft_living    0.334883     -0.141093 -0.218076 -0.024381  0.032693  \n",
       "sqft_lot       0.038113     -0.013672 -0.125807  0.017221 -0.020198  \n",
       "floors         0.499238     -0.246453 -0.078966 -0.030881  0.029729  \n",
       "waterfront    -0.042625      0.016161  0.021715  0.019098 -0.003893  \n",
       "view          -0.068373      0.044841  0.112156  0.042816 -0.034697  \n",
       "condition     -0.402012     -0.185023  0.032565 -0.026750  0.014298  \n",
       "sqft_above     0.454603     -0.178274 -0.278393 -0.021329  0.041956  \n",
       "sqft_basement -0.177786      0.050951  0.083900 -0.008315 -0.012976  \n",
       "yr_built       1.000000     -0.325172 -0.352019 -0.023673  0.017827  \n",
       "yr_renovated  -0.325172      1.000000  0.175839  0.019057 -0.031283  \n",
       "zip           -0.352019      0.175839  1.000000  0.021528 -0.021096  \n",
       "day           -0.023673      0.019057  0.021528  1.000000 -0.541321  \n",
       "month          0.017827     -0.031283 -0.021096 -0.541321  1.000000  "
      ]
     },
     "execution_count": 27,
     "metadata": {},
     "output_type": "execute_result"
    }
   ],
   "source": [
    "# correlation matrix\n",
    "corr_matrix = data.select_dtypes(exclude='object').corr()\n",
    "corr_matrix"
   ]
  },
  {
   "cell_type": "code",
   "execution_count": 61,
   "metadata": {},
   "outputs": [],
   "source": [
    "def pairwise(corr_matrix, threshold=0.65):\n",
    "    # create an empty list that will be our rows\n",
    "    results = []\n",
    "    # price is the first column of our correlation matrix\n",
    "    dependent_var = corr_matrix.columns[0]\n",
    "    \n",
    "    # loop through the columns\n",
    "    for i in range(1, len(corr_matrix.columns)):\n",
    "        # inner loop - within the range of columns...so we start on the first column and check each row before moving to next column\n",
    "        for j in range(i):\n",
    "            if abs(corr_matrix.iloc[i, j]) > threshold: # i is column j is row\n",
    "                results.append({\n",
    "                    'first_variable': corr_matrix.columns[i],\n",
    "                    'second_variable': corr_matrix.columns[j],\n",
    "                    'first_variable_price_corr': corr_matrix.iloc[0, i],\n",
    "                    'second_var_price_corr': corr_matrix.iloc[0, j]\n",
    "                })\n",
    "    \n",
    "    return pd.DataFrame(results)\n",
    "\n"
   ]
  },
  {
   "cell_type": "markdown",
   "metadata": {},
   "source": [
    "Based on our function we would remove bathrooms and sqft_above."
   ]
  },
  {
   "cell_type": "code",
   "execution_count": 63,
   "metadata": {},
   "outputs": [
    {
     "data": {
      "text/html": [
       "<div>\n",
       "<style scoped>\n",
       "    .dataframe tbody tr th:only-of-type {\n",
       "        vertical-align: middle;\n",
       "    }\n",
       "\n",
       "    .dataframe tbody tr th {\n",
       "        vertical-align: top;\n",
       "    }\n",
       "\n",
       "    .dataframe thead th {\n",
       "        text-align: right;\n",
       "    }\n",
       "</style>\n",
       "<table border=\"1\" class=\"dataframe\">\n",
       "  <thead>\n",
       "    <tr style=\"text-align: right;\">\n",
       "      <th></th>\n",
       "      <th>first_variable</th>\n",
       "      <th>second_variable</th>\n",
       "      <th>first_variable_price_corr</th>\n",
       "      <th>second_var_price_corr</th>\n",
       "    </tr>\n",
       "  </thead>\n",
       "  <tbody>\n",
       "    <tr>\n",
       "      <th>0</th>\n",
       "      <td>sqft_living</td>\n",
       "      <td>bathrooms</td>\n",
       "      <td>0.633164</td>\n",
       "      <td>0.487606</td>\n",
       "    </tr>\n",
       "    <tr>\n",
       "      <th>1</th>\n",
       "      <td>sqft_above</td>\n",
       "      <td>bathrooms</td>\n",
       "      <td>0.544639</td>\n",
       "      <td>0.487606</td>\n",
       "    </tr>\n",
       "    <tr>\n",
       "      <th>2</th>\n",
       "      <td>sqft_above</td>\n",
       "      <td>sqft_living</td>\n",
       "      <td>0.544639</td>\n",
       "      <td>0.633164</td>\n",
       "    </tr>\n",
       "  </tbody>\n",
       "</table>\n",
       "</div>"
      ],
      "text/plain": [
       "  first_variable second_variable  first_variable_price_corr  \\\n",
       "0    sqft_living       bathrooms                   0.633164   \n",
       "1     sqft_above       bathrooms                   0.544639   \n",
       "2     sqft_above     sqft_living                   0.544639   \n",
       "\n",
       "   second_var_price_corr  \n",
       "0               0.487606  \n",
       "1               0.487606  \n",
       "2               0.633164  "
      ]
     },
     "execution_count": 63,
     "metadata": {},
     "output_type": "execute_result"
    }
   ],
   "source": [
    "# view the variables\n",
    "pairwise(corr_matrix)"
   ]
  },
  {
   "cell_type": "markdown",
   "metadata": {},
   "source": [
    "Now, we will make a copy of the correlation matrix and create a function that will loop through and delete the columns that have a high correlation with another variable but less correlation to the target variable. We will also return the dropped columns to see if it matches the above function (drop sqft_above and bathrooms)."
   ]
  },
  {
   "cell_type": "code",
   "execution_count": 68,
   "metadata": {},
   "outputs": [],
   "source": [
    "corrMatrix = corr_matrix.copy()"
   ]
  },
  {
   "cell_type": "code",
   "execution_count": 84,
   "metadata": {},
   "outputs": [],
   "source": [
    "# function to remove highly correlated variables\n",
    "def remove_highly_correlated(corr_matrix, threshold=0.65):\n",
    "    # Get the dependent variable (first column)\n",
    "    dependent_var = corr_matrix.columns[0]\n",
    "    \n",
    "    # Create a set to keep track of columns to drop - create set because there is no duplicates\n",
    "    to_drop = set()\n",
    "    \n",
    "    # Iterate through the correlation matrix\n",
    "    for i in range(1, len(corr_matrix.columns)): # start at column 1 so price is not included\n",
    "        for j in range(i):                       # for each column in that row\n",
    "            if abs(corr_matrix.iloc[i, j]) > threshold:\n",
    "                col1 = corr_matrix.columns[i]\n",
    "                col2 = corr_matrix.columns[j]\n",
    "                \n",
    "                # Compare correlations with the dependent variable\n",
    "                corr_with_dep_col1 = abs(corr_matrix.iloc[0, i]) # correlation of column\n",
    "                corr_with_dep_col2 = abs(corr_matrix.iloc[0, j]) # correlation of row\n",
    "                \n",
    "                if corr_with_dep_col1 < corr_with_dep_col2:\n",
    "                    to_drop.add(col1)\n",
    "                else:\n",
    "                    to_drop.add(col2)\n",
    "    \n",
    "    # Drop the columns from the correlation matrix\n",
    "    corr_matrix = corr_matrix.drop(columns=to_drop, index=to_drop)\n",
    "    \n",
    "    return corr_matrix, list(to_drop)"
   ]
  },
  {
   "cell_type": "code",
   "execution_count": 85,
   "metadata": {},
   "outputs": [],
   "source": [
    "new_matrix, dropped_columns = remove_highly_correlated(corrMatrix)"
   ]
  },
  {
   "cell_type": "code",
   "execution_count": 86,
   "metadata": {},
   "outputs": [
    {
     "data": {
      "text/plain": [
       "['bathrooms', 'sqft_above']"
      ]
     },
     "execution_count": 86,
     "metadata": {},
     "output_type": "execute_result"
    }
   ],
   "source": [
    "dropped_columns"
   ]
  },
  {
   "cell_type": "markdown",
   "metadata": {},
   "source": [
    "### Multicollinearity"
   ]
  },
  {
   "cell_type": "markdown",
   "metadata": {},
   "source": [
